1.875000000000000000e-01
5.555555555560000303e-02
0.000000000000000000e+00
0.000000000000000000e+00
0.000000000000000000e+00
1.111111111109999994e-01
0.000000000000000000e+00
5.263157894739999704e-02
0.000000000000000000e+00
5.000000000000000278e-02
5.555555555560000303e-02
0.000000000000000000e+00
0.000000000000000000e+00
0.000000000000000000e+00
5.263157894739999704e-02
0.000000000000000000e+00
0.000000000000000000e+00
5.263157894739999704e-02
0.000000000000000000e+00
0.000000000000000000e+00
0.000000000000000000e+00
0.000000000000000000e+00
5.263157894739999704e-02
0.000000000000000000e+00
5.882352941180000322e-02
0.000000000000000000e+00
2.500000000000000000e-01
0.000000000000000000e+00
0.000000000000000000e+00
0.000000000000000000e+00
0.000000000000000000e+00
0.000000000000000000e+00
0.000000000000000000e+00
0.000000000000000000e+00
0.000000000000000000e+00
5.000000000000000278e-02
0.000000000000000000e+00
0.000000000000000000e+00
0.000000000000000000e+00
0.000000000000000000e+00
1.176470588240000059e-01
0.000000000000000000e+00
0.000000000000000000e+00
0.000000000000000000e+00
0.000000000000000000e+00
0.000000000000000000e+00
1.666666666670000019e-01
5.263157894739999704e-02
0.000000000000000000e+00
0.000000000000000000e+00
5.263157894739999704e-02
9.090909090910000157e-02
0.000000000000000000e+00
4.545454545449999911e-02
0.000000000000000000e+00
0.000000000000000000e+00
0.000000000000000000e+00
2.500000000000000000e-01
0.000000000000000000e+00
0.000000000000000000e+00
0.000000000000000000e+00
0.000000000000000000e+00
0.000000000000000000e+00
0.000000000000000000e+00
0.000000000000000000e+00
5.263157894739999704e-02
5.555555555560000303e-02
0.000000000000000000e+00
5.000000000000000278e-02
0.000000000000000000e+00
0.000000000000000000e+00
0.000000000000000000e+00
0.000000000000000000e+00
8.333333333329999426e-02
0.000000000000000000e+00
0.000000000000000000e+00
0.000000000000000000e+00
0.000000000000000000e+00
0.000000000000000000e+00
0.000000000000000000e+00
5.000000000000000278e-02
4.761904761900000171e-02
5.000000000000000278e-02
2.666666666670000074e-01
5.555555555560000303e-02
0.000000000000000000e+00
5.000000000000000278e-02
5.555555555560000303e-02
5.555555555560000303e-02
0.000000000000000000e+00
0.000000000000000000e+00
0.000000000000000000e+00
0.000000000000000000e+00
9.523809523810000677e-02
0.000000000000000000e+00
5.555555555560000303e-02
9.523809523810000677e-02
0.000000000000000000e+00
0.000000000000000000e+00
0.000000000000000000e+00
0.000000000000000000e+00
5.263157894739999704e-02
1.000000000000000056e-01
0.000000000000000000e+00
0.000000000000000000e+00
0.000000000000000000e+00
0.000000000000000000e+00
1.111111111109999994e-01
5.263157894739999704e-02
0.000000000000000000e+00
1.875000000000000000e-01
0.000000000000000000e+00
0.000000000000000000e+00
0.000000000000000000e+00
0.000000000000000000e+00
0.000000000000000000e+00
1.111111111109999994e-01
0.000000000000000000e+00
5.263157894739999704e-02
0.000000000000000000e+00
0.000000000000000000e+00
0.000000000000000000e+00
0.000000000000000000e+00
0.000000000000000000e+00
0.000000000000000000e+00
5.263157894739999704e-02
0.000000000000000000e+00
5.263157894739999704e-02
0.000000000000000000e+00
0.000000000000000000e+00
0.000000000000000000e+00
0.000000000000000000e+00
0.000000000000000000e+00
0.000000000000000000e+00
0.000000000000000000e+00
0.000000000000000000e+00
0.000000000000000000e+00
1.666666666670000019e-01
0.000000000000000000e+00
0.000000000000000000e+00
0.000000000000000000e+00
0.000000000000000000e+00
0.000000000000000000e+00
4.545454545449999911e-02
2.352941176470000062e-01
0.000000000000000000e+00
0.000000000000000000e+00
5.263157894739999704e-02
0.000000000000000000e+00
1.176470588240000059e-01
0.000000000000000000e+00
5.555555555560000303e-02
5.263157894739999704e-02
1.052631578950000008e-01
4.761904761900000171e-02
0.000000000000000000e+00
0.000000000000000000e+00
0.000000000000000000e+00
0.000000000000000000e+00
1.250000000000000000e-01
0.000000000000000000e+00
0.000000000000000000e+00
0.000000000000000000e+00
0.000000000000000000e+00
0.000000000000000000e+00
4.761904761900000171e-02
0.000000000000000000e+00
0.000000000000000000e+00
0.000000000000000000e+00
5.882352941180000322e-02
1.428571428569999913e-01
0.000000000000000000e+00
0.000000000000000000e+00
0.000000000000000000e+00
0.000000000000000000e+00
0.000000000000000000e+00
0.000000000000000000e+00
0.000000000000000000e+00
0.000000000000000000e+00
0.000000000000000000e+00
0.000000000000000000e+00
1.176470588240000059e-01
0.000000000000000000e+00
0.000000000000000000e+00
0.000000000000000000e+00
0.000000000000000000e+00
0.000000000000000000e+00
5.555555555560000303e-02
0.000000000000000000e+00
1.875000000000000000e-01
5.555555555560000303e-02
0.000000000000000000e+00
1.052631578950000008e-01
1.578947368420000053e-01
0.000000000000000000e+00
0.000000000000000000e+00
1.111111111109999994e-01
1.111111111109999994e-01
0.000000000000000000e+00
4.545454545449999911e-02
5.263157894739999704e-02
5.263157894739999704e-02
0.000000000000000000e+00
9.090909090910000157e-02
1.875000000000000000e-01
5.555555555560000303e-02
0.000000000000000000e+00
5.000000000000000278e-02
0.000000000000000000e+00
5.555555555560000303e-02
0.000000000000000000e+00
5.000000000000000278e-02
0.000000000000000000e+00
0.000000000000000000e+00
4.761904761900000171e-02
0.000000000000000000e+00
0.000000000000000000e+00
0.000000000000000000e+00
4.761904761900000171e-02
0.000000000000000000e+00
5.000000000000000278e-02
0.000000000000000000e+00
0.000000000000000000e+00
0.000000000000000000e+00
0.000000000000000000e+00
4.545454545449999911e-02
1.764705882350000032e-01
2.666666666670000074e-01
1.176470588240000059e-01
0.000000000000000000e+00
0.000000000000000000e+00
0.000000000000000000e+00
1.176470588240000059e-01
0.000000000000000000e+00
0.000000000000000000e+00
0.000000000000000000e+00
0.000000000000000000e+00
2.666666666670000074e-01
5.263157894739999704e-02
0.000000000000000000e+00
5.263157894739999704e-02
5.263157894739999704e-02
1.052631578950000008e-01
0.000000000000000000e+00
0.000000000000000000e+00
0.000000000000000000e+00
0.000000000000000000e+00
1.250000000000000000e-01
0.000000000000000000e+00
0.000000000000000000e+00
0.000000000000000000e+00
0.000000000000000000e+00
1.052631578950000008e-01
5.555555555560000303e-02
5.882352941180000322e-02
0.000000000000000000e+00
0.000000000000000000e+00
0.000000000000000000e+00
5.263157894739999704e-02
0.000000000000000000e+00
0.000000000000000000e+00
0.000000000000000000e+00
2.666666666670000074e-01
0.000000000000000000e+00
0.000000000000000000e+00
1.176470588240000059e-01
0.000000000000000000e+00
0.000000000000000000e+00
0.000000000000000000e+00
0.000000000000000000e+00
5.882352941180000322e-02
5.555555555560000303e-02
0.000000000000000000e+00
0.000000000000000000e+00
5.555555555560000303e-02
0.000000000000000000e+00
5.882352941180000322e-02
8.333333333329999426e-02
0.000000000000000000e+00
0.000000000000000000e+00
4.761904761900000171e-02
9.090909090910000157e-02
4.761904761900000171e-02
1.052631578950000008e-01
0.000000000000000000e+00
0.000000000000000000e+00
5.000000000000000278e-02
0.000000000000000000e+00
5.555555555560000303e-02
0.000000000000000000e+00
4.761904761900000171e-02
0.000000000000000000e+00
0.000000000000000000e+00
0.000000000000000000e+00
0.000000000000000000e+00
0.000000000000000000e+00
0.000000000000000000e+00
0.000000000000000000e+00
0.000000000000000000e+00
5.000000000000000278e-02
4.761904761900000171e-02
0.000000000000000000e+00
1.111111111109999994e-01
0.000000000000000000e+00
5.263157894739999704e-02
0.000000000000000000e+00
0.000000000000000000e+00
0.000000000000000000e+00
0.000000000000000000e+00
0.000000000000000000e+00
5.263157894739999704e-02
0.000000000000000000e+00
0.000000000000000000e+00
5.555555555560000303e-02
5.555555555560000303e-02
0.000000000000000000e+00
0.000000000000000000e+00
0.000000000000000000e+00
0.000000000000000000e+00
0.000000000000000000e+00
5.263157894739999704e-02
5.555555555560000303e-02
0.000000000000000000e+00
9.090909090910000157e-02
1.111111111109999994e-01
0.000000000000000000e+00
5.263157894739999704e-02
0.000000000000000000e+00
0.000000000000000000e+00
8.333333333329999426e-02
5.000000000000000278e-02
5.263157894739999704e-02
0.000000000000000000e+00
