GS+SS
5.555555555560000303e-02
0.000000000000000000e+00
5.263157894739999704e-02
0.000000000000000000e+00
5.882352941180000322e-02
0.000000000000000000e+00
5.555555555560000303e-02
5.263157894739999704e-02
0.000000000000000000e+00
0.000000000000000000e+00
0.000000000000000000e+00
0.000000000000000000e+00
0.000000000000000000e+00
1.111111111109999994e-01
0.000000000000000000e+00
0.000000000000000000e+00
5.263157894739999704e-02
0.000000000000000000e+00
0.000000000000000000e+00
0.000000000000000000e+00
5.882352941180000322e-02
1.111111111109999994e-01
0.000000000000000000e+00
0.000000000000000000e+00
0.000000000000000000e+00
5.555555555560000303e-02
0.000000000000000000e+00
1.111111111109999994e-01
0.000000000000000000e+00
1.111111111109999994e-01
0.000000000000000000e+00
5.000000000000000278e-02
5.555555555560000303e-02
5.263157894739999704e-02
0.000000000000000000e+00
0.000000000000000000e+00
0.000000000000000000e+00
5.555555555560000303e-02
0.000000000000000000e+00
5.263157894739999704e-02
0.000000000000000000e+00
0.000000000000000000e+00
1.111111111109999994e-01
1.111111111109999994e-01
5.000000000000000278e-02
5.555555555560000303e-02
1.764705882350000032e-01
0.000000000000000000e+00
0.000000000000000000e+00
5.263157894739999704e-02
5.000000000000000278e-02
0.000000000000000000e+00
0.000000000000000000e+00
0.000000000000000000e+00
5.263157894739999704e-02
1.111111111109999994e-01
0.000000000000000000e+00
0.000000000000000000e+00
5.263157894739999704e-02
5.555555555560000303e-02
0.000000000000000000e+00
5.263157894739999704e-02
0.000000000000000000e+00
0.000000000000000000e+00
5.000000000000000278e-02
0.000000000000000000e+00
1.111111111109999994e-01
1.176470588240000059e-01
0.000000000000000000e+00
0.000000000000000000e+00
0.000000000000000000e+00
0.000000000000000000e+00
5.263157894739999704e-02
0.000000000000000000e+00
0.000000000000000000e+00
1.176470588240000059e-01
0.000000000000000000e+00
0.000000000000000000e+00
0.000000000000000000e+00
5.000000000000000278e-02
0.000000000000000000e+00
0.000000000000000000e+00
6.250000000000000000e-02
5.263157894739999704e-02
5.555555555560000303e-02
0.000000000000000000e+00
0.000000000000000000e+00
0.000000000000000000e+00
0.000000000000000000e+00
5.555555555560000303e-02
5.555555555560000303e-02
5.555555555560000303e-02
0.000000000000000000e+00
0.000000000000000000e+00
0.000000000000000000e+00
5.263157894739999704e-02
0.000000000000000000e+00
0.000000000000000000e+00
0.000000000000000000e+00
0.000000000000000000e+00
5.263157894739999704e-02
0.000000000000000000e+00
0.000000000000000000e+00
5.263157894739999704e-02
1.875000000000000000e-01
0.000000000000000000e+00
0.000000000000000000e+00
5.263157894739999704e-02
1.875000000000000000e-01
5.263157894739999704e-02
0.000000000000000000e+00
0.000000000000000000e+00
5.263157894739999704e-02
0.000000000000000000e+00
0.000000000000000000e+00
5.263157894739999704e-02
1.111111111109999994e-01
0.000000000000000000e+00
0.000000000000000000e+00
5.263157894739999704e-02
0.000000000000000000e+00
1.176470588240000059e-01
0.000000000000000000e+00
5.263157894739999704e-02
5.263157894739999704e-02
5.263157894739999704e-02
0.000000000000000000e+00
0.000000000000000000e+00
0.000000000000000000e+00
0.000000000000000000e+00
5.263157894739999704e-02
0.000000000000000000e+00
5.555555555560000303e-02
0.000000000000000000e+00
5.555555555560000303e-02
6.250000000000000000e-02
5.000000000000000278e-02
5.555555555560000303e-02
5.263157894739999704e-02
1.764705882350000032e-01
1.111111111109999994e-01
0.000000000000000000e+00
0.000000000000000000e+00
1.111111111109999994e-01
0.000000000000000000e+00
0.000000000000000000e+00
5.263157894739999704e-02
0.000000000000000000e+00
0.000000000000000000e+00
0.000000000000000000e+00
1.333333333329999870e-01
5.555555555560000303e-02
5.263157894739999704e-02
5.263157894739999704e-02
1.176470588240000059e-01
0.000000000000000000e+00
0.000000000000000000e+00
5.263157894739999704e-02
0.000000000000000000e+00
1.764705882350000032e-01
0.000000000000000000e+00
5.263157894739999704e-02
0.000000000000000000e+00
5.263157894739999704e-02
0.000000000000000000e+00
0.000000000000000000e+00
5.555555555560000303e-02
0.000000000000000000e+00
0.000000000000000000e+00
0.000000000000000000e+00
0.000000000000000000e+00
0.000000000000000000e+00
0.000000000000000000e+00
0.000000000000000000e+00
1.250000000000000000e-01
0.000000000000000000e+00
0.000000000000000000e+00
0.000000000000000000e+00
0.000000000000000000e+00
7.692307692310000611e-02
0.000000000000000000e+00
0.000000000000000000e+00
0.000000000000000000e+00
5.882352941180000322e-02
5.263157894739999704e-02
1.111111111109999994e-01
0.000000000000000000e+00
5.263157894739999704e-02
0.000000000000000000e+00
5.263157894739999704e-02
0.000000000000000000e+00
0.000000000000000000e+00
0.000000000000000000e+00
5.555555555560000303e-02
0.000000000000000000e+00
0.000000000000000000e+00
0.000000000000000000e+00
0.000000000000000000e+00
1.176470588240000059e-01
0.000000000000000000e+00
0.000000000000000000e+00
0.000000000000000000e+00
1.111111111109999994e-01
0.000000000000000000e+00
0.000000000000000000e+00
0.000000000000000000e+00
0.000000000000000000e+00
0.000000000000000000e+00
0.000000000000000000e+00
1.666666666670000019e-01
0.000000000000000000e+00
0.000000000000000000e+00
0.000000000000000000e+00
0.000000000000000000e+00
0.000000000000000000e+00
0.000000000000000000e+00
0.000000000000000000e+00
0.000000000000000000e+00
0.000000000000000000e+00
0.000000000000000000e+00
0.000000000000000000e+00
0.000000000000000000e+00
0.000000000000000000e+00
0.000000000000000000e+00
0.000000000000000000e+00
1.111111111109999994e-01
0.000000000000000000e+00
0.000000000000000000e+00
0.000000000000000000e+00
5.000000000000000278e-02
0.000000000000000000e+00
0.000000000000000000e+00
1.111111111109999994e-01
1.764705882350000032e-01
0.000000000000000000e+00
0.000000000000000000e+00
5.555555555560000303e-02
5.263157894739999704e-02
1.764705882350000032e-01
5.263157894739999704e-02
5.555555555560000303e-02
1.764705882350000032e-01
0.000000000000000000e+00
5.555555555560000303e-02
1.764705882350000032e-01
0.000000000000000000e+00
0.000000000000000000e+00
0.000000000000000000e+00
0.000000000000000000e+00
5.000000000000000278e-02
5.263157894739999704e-02
1.176470588240000059e-01
0.000000000000000000e+00
1.111111111109999994e-01
5.263157894739999704e-02
5.263157894739999704e-02
0.000000000000000000e+00
1.111111111109999994e-01
5.555555555560000303e-02
0.000000000000000000e+00
0.000000000000000000e+00
5.263157894739999704e-02
5.263157894739999704e-02
0.000000000000000000e+00
1.111111111109999994e-01
0.000000000000000000e+00
5.263157894739999704e-02
0.000000000000000000e+00
0.000000000000000000e+00
0.000000000000000000e+00
1.111111111109999994e-01
0.000000000000000000e+00
0.000000000000000000e+00
5.263157894739999704e-02
5.263157894739999704e-02
1.111111111109999994e-01
0.000000000000000000e+00
5.000000000000000278e-02
0.000000000000000000e+00
0.000000000000000000e+00
0.000000000000000000e+00
0.000000000000000000e+00
0.000000000000000000e+00
0.000000000000000000e+00
0.000000000000000000e+00
0.000000000000000000e+00
5.263157894739999704e-02
0.000000000000000000e+00
0.000000000000000000e+00
1.111111111109999994e-01
0.000000000000000000e+00
5.263157894739999704e-02
0.000000000000000000e+00
0.000000000000000000e+00
5.263157894739999704e-02
0.000000000000000000e+00
0.000000000000000000e+00
0.000000000000000000e+00
1.764705882350000032e-01
5.555555555560000303e-02
0.000000000000000000e+00
0.000000000000000000e+00
0.000000000000000000e+00
0.000000000000000000e+00
0.000000000000000000e+00
0.000000000000000000e+00
0.000000000000000000e+00
0.000000000000000000e+00
0.000000000000000000e+00
0.000000000000000000e+00
5.263157894739999704e-02
0.000000000000000000e+00
0.000000000000000000e+00
0.000000000000000000e+00
5.263157894739999704e-02
5.000000000000000278e-02
0.000000000000000000e+00
5.263157894739999704e-02
1.052631578950000008e-01
1.111111111109999994e-01
6.250000000000000000e-02
1.111111111109999994e-01
0.000000000000000000e+00
0.000000000000000000e+00
0.000000000000000000e+00
0.000000000000000000e+00
5.263157894739999704e-02
0.000000000000000000e+00
0.000000000000000000e+00
0.000000000000000000e+00
0.000000000000000000e+00
0.000000000000000000e+00
5.263157894739999704e-02
1.111111111109999994e-01
5.263157894739999704e-02
1.764705882350000032e-01
0.000000000000000000e+00
1.250000000000000000e-01
0.000000000000000000e+00
5.555555555560000303e-02
0.000000000000000000e+00
0.000000000000000000e+00
0.000000000000000000e+00
0.000000000000000000e+00
0.000000000000000000e+00
5.263157894739999704e-02
0.000000000000000000e+00
0.000000000000000000e+00
0.000000000000000000e+00
5.263157894739999704e-02
5.555555555560000303e-02
0.000000000000000000e+00
5.000000000000000278e-02
0.000000000000000000e+00
0.000000000000000000e+00
0.000000000000000000e+00
0.000000000000000000e+00
0.000000000000000000e+00
0.000000000000000000e+00
5.555555555560000303e-02
2.000000000000000111e-01
5.263157894739999704e-02
5.263157894739999704e-02
0.000000000000000000e+00
0.000000000000000000e+00
0.000000000000000000e+00
0.000000000000000000e+00
5.555555555560000303e-02
0.000000000000000000e+00
5.263157894739999704e-02
0.000000000000000000e+00
5.555555555560000303e-02
0.000000000000000000e+00
0.000000000000000000e+00
5.263157894739999704e-02
0.000000000000000000e+00
0.000000000000000000e+00
0.000000000000000000e+00
0.000000000000000000e+00
0.000000000000000000e+00
2.857142857139999825e-01
0.000000000000000000e+00
0.000000000000000000e+00
0.000000000000000000e+00
0.000000000000000000e+00
5.555555555560000303e-02
0.000000000000000000e+00
5.263157894739999704e-02
0.000000000000000000e+00
